1 1850 1.6402306022730573 3.034426614205156
2 3690 1.5261360006790101 5.631441842505548
3 1970 1.5648738799239923 3.082801543450265
4 3635 1.5147194633335088 5.506005249217305
5 1695 1.6152268637009994 2.737809533973194
6 4373 1.5725350740056447 6.876695878626684
7 1995 1.7159964183118837 3.423412854532208
8 3925 1.577645567288216 6.192258851606248
9 2125 1.758355799787016 3.7365060745474095
10 1955 1.6029269863215774 3.133722258258684
11 3870 1.434370677706335 5.551014522723516
12 1760 1.7412714784215213 3.0646378020218776
13 2114 1.432450367447321 3.028200076783637
14 3844 1.4486241932326596 5.5685113987863435
15 2095 1.4134484221144166 2.9611744443297026
16 3515 1.4259134675742366 5.012085838523442
17 2540 1.3814032241436163 3.5087641893247854
18 1630 1.6951761237981562 2.763137081790995
19 2045 1.4025175636324851 2.868148417628432
20 3682 1.5362194385870664 5.656359972877579
21 2210 1.454102775641997 3.2135671341688137
22 4150 1.5514364228079056 6.438461154652808
23 1965 1.6082433714684157 3.160198224935437
24 3950 1.538119805895326 6.075573233286538
25 2075 1.619815767027989 3.361117716583077
26 1975 1.6735789982673108 3.305318521577939
27 3692 1.5797220310420503 5.83233373860725
28 2105 1.5104516263711214 3.179500673511211
29 1730 1.631516806066797 2.822524074495559
30 3875 1.579038199573426 6.118773023347026
31 1620 1.6401236926979046 2.6570003821706054
32 4185 1.5234415784158153 6.375603005670187
33 3375 1.5360254194279233 5.184085790569241
34 2090 1.2924321825423257 2.701183261513461
35 4246 1.6553933870324153 7.028800321339636
36 1455 1.6585869563004163 2.4132440214171056
37 3879 1.6063460202774291 6.231016212656147
38 2295 1.778260814839605 4.081108570056894
39 4222 1.5622752334429857 6.595926035596285
40 3305 1.553958081022872 5.135831457780592
41 1929 1.3845502628523334 2.670797457042151
42 4315 1.6647198635989886 7.183266211429635
43 2530 1.5716452511048569 3.9762624852952877
44 4045 1.5560115515186028 6.2940667258927485
45 2175 1.6425228704610735 3.572487243252835
46 1990 1.798685517137132 3.579384179102893
47 2045 1.544074381656136 3.157632110486798
48 4585 1.5294520932877353 7.012537847724267
49 2180 1.7356009014687432 3.78360996520186
50 3405 1.566876910933591 5.335215881728877
51 1580 1.610251605051013 2.5441975359806004
52 1545 1.3151269462012274 2.0318711318808966
53 6305 1.3567189469804983 8.554112960712041
54 1530 1.6942216957524352 2.592159194501226
55 1795 1.655309017077462 2.9712796856540447
56 3463 1.4220046034389304 4.924401941709016
57 1460 1.739365598829591 2.539473774291203
58 2095 1.4876632742595983 3.1166545595738584
59 3270 1.5329758814759429 5.012831132426333
60 2075 1.339678713304446 2.7798333301067255
61 1510 1.6166856230987414 2.4411952908790995
62 4135 1.434678794348204 5.932396814629824
63 1985 1.26341088259734 2.50787060195572
64 1802 1.5352266272583166 2.7664783823194865
65 1970 1.357288880045271 2.6738590936891837
66 3780 1.5323332134089807 5.7922195466859465
67 3751 1.3778431744372786 5.168289747314232
68 3530 1.565250699711288 5.525334969980847
69 1740 1.6237244409617853 2.8252805272735064
70 5905 1.4427012403340447 8.519150824172533
71 2045 1.6279302752906304 3.3291174129693393
72 2985 1.4664758917849847 4.37743053697818
73 1860 1.2850389504415423 2.3901724478212687
74 3040 1.5468365434463454 4.702383092076889
75 1610 1.6227430397278537 2.6126162939618442
76 1570 1.67299218786806 2.6265977349528544
77 3376 1.5924986023920653 5.376275281675613
78 1895 1.2864415125428663 2.4378066662687314
79 3055 1.491534438230759 4.556637708794969
80 1802 1.334824654496383 2.405354027402482
81 3795 1.6112797075161578 6.114806490023819
82 1810 1.369731804828759 2.479214566740054
83 3040 1.4079891733481635 4.280287086978418
84 2175 1.5386267925673798 3.346513273834051
85 3400 1.4353987978314795 4.880355912627031
86 2265 1.3988309716873013 3.168352150871738
87 4000 1.4283746836962756 5.7134987347851025
88 3400 1.706395897109286 5.801746050171572
89 2030 1.8014811491740994 3.657006732823422
90 3365 1.517430606898074 5.106153992212019
91 2020 1.3651094566839277 2.7575211025015336
92 1375 1.5573088438530622 2.141299660297961
93 2325 1.3817939980772762 3.212671045529667
94 1620 1.5706359002462515 2.5444301583989275
95 2050 1.3156341988008893 2.697050107541823
96 3880 1.5102478235141024 5.859761555234717
97 1615 1.647888015828837 2.6613391455635713
98 2200 1.6946416506077084 3.728211631336958
99 2225 1.6579186011798324 3.688868887625127
100 2740 1.5452963650873393 4.234112040339309
101 3560 1.54826164238158 5.511811446878425
102 1535 1.600948130963928 2.457455381029629
103 5943 1.401069516185794 8.326556134692174
104 1305 1.748879835079298 2.282288184778484
105 4131 1.7155387612039938 7.086890622533699
106 1790 1.7330566453685692 3.102171395209739
107 2085 1.3642815598683622 2.8445270523255353
108 3225 1.550133707627425 4.999181207098446
109 1350 1.623682652776524 2.1919715812483074
110 4070 1.4759770360038589 6.007226536535705
111 2000 1.6459036953100263 3.2918073906200527
112 4110 1.600407701000716 6.577675651112943
113 1995 1.5628634263493901 3.1179125355670334
114 3010 1.5294352641888893 4.603600145208556
115 2145 1.3848099287934705 2.9704172972619944
116 2990 1.5610452316828975 4.667525242731863
117 1980 1.5466777130756975 3.062421871889881
118 3790 1.4876111511463543 5.638046262844683
119 1745 1.7389052547657422 3.0343896695662202
120 1895 1.749647947766823 3.3155828610181297
121 3480 1.6047601562098053 5.584565343610122?