1 1375 1.6867497208053583 2.3192808661073676
2 5095 1.5255146126707406 7.772496951557423
3 1490 1.7187513767690008 2.560939551385811
4 5380 1.532635285498867 8.245577835983903
5 1305 1.7661936933801219 2.304882769861059
6 1625 1.6079758972986808 2.6129608331103564
7 4280 1.5608293499412214 6.680349617748427
8 2375 1.6196218399512985 3.846601869884334
9 4000 1.5521047974954727 6.208419189981891
10 4510 1.5702242954333205 7.081711572404276
11 4686 1.542235747022733 7.226916710548527
12 1430 1.6580189833077676 2.370967146130108
13 1430 1.6948999463046892 2.4237069232157054
14 6630 1.4304413174144759 9.483825934457975
15 1385 1.682207145045881 2.3298568958885455
16 4164 1.5496207150194854 6.4526206573411375
17 8005 1.597560266982339 12.788469937193623
18 1145 1.757264404474958 2.012067743123827
19 5835 1.5188210281888315 8.862320699481831
20 1705 1.6447715201049804 2.8043354417789916
21 1907 1.6558270027516009 3.1576620942473026
22 1375 1.6681349528936378 2.293685560228752
23 6725 1.2401077492344887 8.339724613601936
24 1605 1.7521094821882257 2.8121357189121023
25 920 1.6769434792368854 1.5427880008979347
26 4890 1.6103575147671683 7.874648247211453
27 1460 1.6851535394903647 2.460324167655932
28 7794 1.5125318359426316 11.78867312933687
29 1460 1.6576853737674657 2.4202206457004998
30 1660 1.6386507952978382 2.7201603201944113
31 7162 1.4341928061175169 10.271688877413656
32 1630 1.6168369590956617 2.635444243325929
33 3575 1.6147614796982157 5.772772289921122
34 4540 1.5218653270108933 6.909268584629455
35 1085 1.6879484230818076 1.8314240390437613
36 715 1.6111860549936476 1.1519980293204581
37 3115 1.6927278723750017 5.27284732244813
38 2015 1.6672251246744925 3.3594586262191024
39 4580 1.38989269958513 6.3657085640998945
40 1095 1.7798716717119107 1.9489594805245423
41 1635 1.6625893000109673 2.7183335055179314
42 6477 1.5836295359663535 10.257168504454071
43 1060 1.661075015687014 1.760739516628235
44 4051 1.5120745404301896 6.125413963282698
45 4645 1.5070775700621815 7.000375312938833
46 1415 1.6356154246367713 2.3143958258610313
47 6055 1.4999517174821944 9.082207649354686
48 3165 1.5553292752972403 4.9226171563157655
49 6140 1.5648628599375338 9.608257960016457
50 1915 1.6217980348607244 3.1057432367582876
51 705 1.6315738073987112 1.1502595342160915
52 4755 1.5038910116165296 7.151001760236598
53 1760 1.6468341446048302 2.898428094504501
54 1925 1.5634914351959197 3.0097210127521454
55 6150 1.5758932624188873 9.691743563876157
56 3649 1.5618136624892802 5.699058054423383
57 2435 1.5766582048701665 3.839162728858855
58 3890 1.6682148294024972 6.489355686375714
