0 4008 1.6007860695956522 6.415950566939374
1 2385 1.7800492427582555 4.24541744397844
2 1595 1.8476036969399836 2.9469278966192736
3 3485 1.7071071122048762 5.949268286033994
4 1400 1.7747105285941993 2.4845947400318793
5 4540 1.6789909926496924 7.622619106629603
6 3410 1.687620518789789 5.75478596907318
7 1735 1.7777518595552908 3.0843994763284295
8 3460 1.6943310690907163 5.862385499053879
9 1725 1.7261009827773468 2.9775241952909233
10 1860 1.6900040893767736 3.1434076062407987
11 5485 1.403975088777057 7.700803361942158
12 1660 1.7888877848948053 2.969553722925377
13 1770 1.7019278661513677 3.0124123230879207
14 1405 1.7257986410921204 2.4247470907344293
15 1625 1.7007260076801038 2.763679762480169
16 2015 1.6643350798394823 3.3536351858765565
17 1350 1.7502614537079966 2.3628529625057952
18 1610 1.7511524037739121 2.8193553700759986
19 3510 1.6459287057136236 5.777209757054819
20 3325 1.6559410508580727 5.506003994103092
21 1680 1.7322123882495297 2.91011681225921
22 1585 1.744234988140639 2.764612456202913
23 3290 1.652438977937137 5.43652423741318
24 1370 1.7073777314375178 2.3391074920693997
25 1345 1.7579166660824963 2.3643979158809576
26 3424 1.694395478682484 5.801610119008825
27 1515 1.7493865452693396 2.6503206160830497
28 1810 1.7430818379713198 3.1549781267280887
29 2995 1.6496725287846943 4.940769223710159
30 885 1.8058199095891558 1.5981506199864028
31 3750 1.6507914179681837 6.190467817380688
32 1984 1.7476972879258457 3.467431419244878
33 3580 1.6403253335065249 5.872364693953359
34 1565 1.787595287938184 2.797586625623258
35 1480 1.75882343434475 2.60305868283023
36 3055 1.6191211866011683 4.946415225066569
37 1425 1.7539969069196284 2.4994455923604706
38 3495 1.6304816023883848 5.698533200347405
39 1305 1.7668902889633675 2.3057918270971944
40 1830 1.7465580236204368 3.196201183225399
41 2085 1.7931835065822364 3.738787611223963
42 850 1.8246618306996116 1.55096255609467
43 5115 1.6961264455507423 8.675686768992048
44 2165 1.7036375000027588 3.6883751875059727
45 1295 1.7427265025669783 2.256830820824237
46 1915 1.739679908539738 3.3314870248535984
47 1460 1.699153212083245 2.4807636896415377
48 6230 1.4431363506217059 8.990739464373227
49 6426 1.681809385460845 10.80730711097139
50 3325 1.6600327311601413 5.51960883110747
51 3480 1.6166071870072243 5.625793010785141
52 3370 1.6198540124653422 5.458908022008203
53 1085 1.7564306279876263 1.9057272313665745
54 6580 1.4724780482372644 9.6889055574012
55 1415 1.7275673065607198 2.4445077387834186
56 1585 1.735968416203408 2.7515099396824017
57 4045 1.6768726015489035 6.782949673265314
58 4395 1.7429749895015898 7.660375078859487
59 1685 1.7472184068835839 2.944063015598839
60 1090 1.729601556314612 1.8852656963829273
61 2085 1.7180676038687621 3.582170954066369
62 3105 1.7247511798781285 5.355352413521589
63 387 1.7321179376381808 0.670329641865976
64 7705 1.5380361616012987 11.850568625138006
65 2865 1.6080658938369208 4.607108785842778
66 2380 1.7869717675351626 4.252992806733687
67 1565 1.7455773619207005 2.731828571405896
68 1470 1.713202619849238 2.51840785117838
69 4740 1.5113905714442857 7.1639913086459135
70 1445 1.7500407108386098 2.5288088271617912
71 1420 0 0
