1 1550 1.6791450669135746 2.6026748537160405
2 4010 1.5307206056728762 6.138189628748234
3 1586 1.7318050318744476 2.746642780552874
4 3940 1.5531178471837381 6.1192843179039285
5 1490 1.7399554037575136 2.592533551598695
6 4621 1.5408348275703763 7.120197738202709
7 1495 1.8153984701777546 2.714020712915743
8 5590 1.4263640015069374 7.9733747684237795
9 535 1.8763817975329988 1.0038642616801545
10 520 1.8507854900510117 0.962408454826526
11 740 1.4574097469502563 1.0784832127431896
12 2995 1.672171692775359 5.0081542198622
13 530 2.006062059890578 1.063212891742006
14 2500 1.7655830153918552 4.413957538479638
15 530 1.8590604449330654 0.9853020358145246
16 2350 1.7681287515106112 4.155102566049936
17 605 2.158542251239701 1.305918062000019
18 2380 1.8464086358567677 4.394452553339107
19 640 2.078097840589426 1.3299826179772327
20 645 2.0840272197629863 1.344197556747126
21 565 1.9914268970098745 1.1251561968105792
22 2445 1.9065823819093417 4.661593923768341
23 745 1.9547801325292327 1.4563111987342783
24 4116 1.6559912556171401 6.816060008120148
25 890 1.8041483464247792 1.6056920283180534
26 2587 1.595960173228825 4.128748968142971
27 455 1.81540705141245 0.8260102083926648
28 3459 1.6652013389852778 5.759931431550076
29 560 1.7202287397514329 0.9633280942608025
30 2320 1.6756392081584566 3.8874829629276193
31 560 1.7275309220662454 0.9674173163570974
32 600 1.730024115523576 1.0380144693141455
33 3335 1.4608733637305886 4.8720126680415135
34 575 1.809851256907694 1.040664472721924
35 2970 1.5687293000731448 4.65912602121724
36 535 1.7960715870310877 0.9608982990616319
37 610 1.7861744489865834 1.0895664138818157
38 600 1.5278891575270037 0.9167334945162022
39 2515 1.6136387719318688 4.05830151140865
40 550 1.8330037438134603 1.0081520590974031
41 2655 1.6054591168759784 4.262493955305723
42 655 1.4146034485197074 0.9265652587804084
43 2645 1.6418221740351508 4.342619650322974
44 580 1.7121564952703143 0.9930507672567822
45 620 1.7451360582784086 1.0819843561326135
46 2330 1.5919859153107563 3.709327182674062
47 870 1.673542416583835 1.4559819024279366
48 2661 1.6093962796010932 4.282603500018509
49 2275 1.6311377314179552 3.7108383389758477
50 740 1.210156185707193 0.8955155774233229
51 2495 1.5827620906927147 3.948991416278323
52 675 1.7756921456993144 1.1985921983470373
53 2550 1.564216228779958 3.9887513833888923
54 530 1.7124380960070833 0.9075921908837541
55 1165 1.408710470292325 1.6411476978905586
56 2425 1.6018697116837208 3.884534050833023
57 525 1.666304874942945 0.8748100593450462
58 2620 1.551212224389514 4.064176027900526
59 595 1.7257246212888042 1.0268061496668386
60 630 1.4908518289691832 0.9392366522505854
61 2810 1.5988603143145073 4.492797483223765
62 740 1.267808632764896 0.9381783882460231
63 2945 1.533476891072031 4.5160894442071315
64 575 1.7552130800967607 1.0092475210556375
65 3009 1.4997587107565507 4.512773960666461
66 535 1.765953436721961 0.9447850886462491
67 935 1.7746995269889587 1.6593440577346765
68 2990 1.5393970517875408 4.602797184844747
69 535 1.7065442639155912 0.9130011811948413
70 2910 1.53156335497688 4.45684936298272
71 560 1.874018774690375 1.04945051382661
72 3045 1.5777562513315613 4.804267785304605
73 595 1.8425761807623557 1.0963328275536017
74 2885 1.624787110315184 4.687510813259306
75 1140 1.7879041439149563 2.0382107240630503
76 2775 1.6169931434162959 4.487155972980221
77 575 1.889575127235909 1.0865056981606476
78 3045 1.5633918297271008 4.760528121519021
79 535 1.646260020926942 0.880749111195914
80 2805 1.5580012066994042 4.370193384791829
81 641 1.8775543987243861 1.2035123695823315
82 2975 1.6934525461245686 5.038021324720592
83 545 1.4336960416184028 0.7813643426820295
84 880 1.5881910199104992 1.3976080975212393
85 3150 1.702970199722659 5.364356129126376
86 3600 1.5477025931853707 5.571729335467335
87 325 1.9371991199248042 0.6295897139755614
88 3085 1.7030801915644154 5.254002390976221
89 515 2.0088359546088106 1.0345505166235376
90 3790 1.74200781153692 6.602209605724926
91 565 1.6741634564726802 0.9459023529070643
92 590 1.6816769251097565 0.9921893858147562
93 865 1.7926382610412992 1.5506320958007238
94 540 1.7702588178896481 0.95593976166041
95 3135 1.4969502871567275 4.692939150236341
96 940 1.7578854105785717 1.6524122859438573
97 585 1.6037887541976297 0.9382164212056134
98 2700 1.5182044642243508 4.0991520534057475
99 455 1.731692221230945 0.78791996066008
100 2585 1.5512558044216058 4.009996254429851
101 2910 1.554442533494515 4.523427772469039
102 690 1.708266295683155 1.178703744021377
103 730 1.7712980520298773 1.2930475779818105
104 600 1.7430102695792955 1.0458061617475773
105 620 1.762920558985067 1.0930107465707415
106 2855 1.58125903272569 4.514494538431844
107 193 1.7715953451169366 0.34191790160756874